3 10 150
1
1 1 2 5 7 8 9 10
2 1 2 3 4 5 6 7 8 9 10
3 1 2 3 4 5 6 7 9 10
4 2 5 6 8 9 10
5 2 9
6 1 2 3 4 5 8 9
7 1 2 3 5 6 7 10
8 4 7 9
9 1 2 3 9 10
10 3 5 10
11 1 2 3 4 5 6 7 8 9 10
12 3 6 7 9
13 1 2 3 4 5 7 9
14 7 10
15 1 9
16 1 2 3 4 5 6 7 8 9 10
17 3 5 9
18 4
19 1 3 4 7 10
20 4
21 1 2 9 10
22 1 2 3 6 8 10
23 1 2 4 5 7 8 10
24 2 4 5 8 10
0
2
2 5
4 3
6 1 2 3 4 5 8 9
9 1 2 3 5 6 8 9
10 1 3 6 7 8 9 10
13 1 2 3 4 5 6 9
14 1 2 3 5 6 7 8 9 10
16 2 3 4 5 6 7 9 10
17 1 2 3 5 6 8 9
18 1 2 3 4 5 6 7 8 9 10
20 1 2 3 4 5 6 7 8 9 10
21 2 4 6 7 8 9
22 1 2 4 5 8 9 10
23 9 10
0
3
1 2 5
2 1 2 3 4 6 7 8 9
4 9
6 2 3 4 5 6 7 8 9 10
8 1 3 4 5 6 9
9 1 3 5 6 8 10
13 1 3 4 5 7 8
15 1 2 3 4 5 6 8 9 10
16 2
19 4
20 1 3 5 6
21 1 2 4 5 7 9
23 5
24 2 3 5 7 8 9
0
